32676	13644	12894	2999	19950	7347	12184	31482	18320	25808	5753	28144	18472	26069	23867	17782	8817	1960	27645	10688
31776	15926	30662	2380	8459	8202	3783	1044	4496	19230	14816	5896	20533	3057	22374	7099	12940	31449	4900	28765
14682	923	8095	23529	13303	2873	5279	671	13048	10251	5866	32437	3596	8209	11603	29002	292	8584	26355	8091
9431	27067	14007	28793	17924	19996	10267	24059	24761	23443	20788	12144	16979	22	9716	3991	5863	29306	4266	21267
26081	19593	29640	793	16875	2900	30953	108	12305	27083	20754	21131	2594	18826	19000	30504	24665	7670	24067	17885
7740	3465	7634	15387	30405	15722	8191	17763	23488	31553	21092	21432	1140	14665	22046	23636	18309	4263	18576	3226
19481	15866	7595	19276	22074	19507	28525	23038	12924	24999	26280	10954	1247	25442	8453	15942	32502	25278	14408	7603
16713	2357	20182	17783	27641	30324	17780	5070	8866	17584	32337	4028	1925	10045	20807	7238	29159	22365	5470	27617
25524	17238	25490	18475	616	13255	30422	473	5935	23355	19800	7408	23115	1023	28423	3385	3511	20529	32083	5870
11018	16410	28723	10170	10397	29374	9325	15329	6640	21680	7954	9146	12106	12587	10823	15718	22688	22879	12107	30396
4024	22025	29110	11139	3471	22342	4095	13284	28407	22185	27969	14110	3204	8075	26687	5756	2473	12706	933	1157
24351	12758	25489	7282	25734	23887	17489	3557	7503	13011	20079	12503	19673	17999	27626	5586	5594	29363	711	26209
10497	24067	14536	10694	18138	939	9340	16874	6385	14612	3960	13466	9786	24692	11747	5359	26288	15850	28472	8462
14909	8906	19527	26642	18138	25398	13949	3143	503	18926	3174	30105	26909	32360	14192	2124	11730	4388	22258	13293
22717	8762	7276	28296	10250	22069	15633	28699	11536	3363	7298	16971	27953	4077	5341	30806	2562	10213	32758	9033
13484	21662	26084	22131	28819	5120	29888	20505	26933	28827	9641	6763	24404	19004	13067	14519	29015	3262	17441	13533
17134	18723	29113	8451	18421	25828	2104	24969	13979	21380	10973	21311	25795	3691	15434	8662	5290	16114	12352	25237
29898	20155	10922	18253	22271	21059	4061	32143	25321	442	27166	3612	18321	13330	18532	20637	12367	4182	31328	18325
235	26941	19899	30867	7426	30463	12447	5292	16043	25447	23928	1320	8283	23593	29692	12412	32262	8055	9065	2937
12679	14031	18957	19138	28226	21527	11788	18563	24584	1259	13150	29280	12603	12342	13079	21420	15410	4607	22507	4060
27614	10630	9201	24891	4014	19856	935	28639	9905	23295	4663	5339	26107	12709	29432	23990	32329	29530	25656	25628
25832	14668	28473	19924	9170	13207	22905	2290	29979	26390	15158	6222	11659	32120	24370	1076	14989	23446	20404	17245
14151	29187	13519	12318	23819	31717	26598	24032	21230	8196	24688	25296	8374	10273	24057	27096	18682	17033	29545	8397
20100	490	22409	22250	10490	3940	7875	24445	27838	17123	16938	3296	10770	5549	6074	22443	18304	9015	8160	1576
23417	11325	19517	26631	18748	20497	9127	31315	9465	28724	26480	1957	9014	29219	7659	6296	6003	21363	9773	18556
17929	17440	14609	21071	3416	15139	31615	27113	10785	14658	1517	13686	6961	11820	1317	31529	26688	13253	22601	22319
20504	5055	20501	3554	8698	19306	29541	20032	17981	461	27895	30875	14904	9205	1649	15761	866	7053	21670	10559
23992	21423	30997	28338	10591	32762	7346	1950	23435	23013	2026	31827	30367	18514	31713	26604	19862	9575	12542	3274
5793	5785	7849	3393	4369	11017	28755	7312	17016	13332	19383	15383	3851	3109	19552	22724	12619	16334	22636	23759
21733	19736	12943	2471	22742	27927	27995	11820	31954	7105	9150	3358	32231	20992	6860	2005	26206	9733	12478	24883
5346	17888	15675	11480	16100	77	18135	16020	29245	20433	12762	11810	23061	7174	19522	17171	19204	9523	23307	23816
23160	20000	3245	11300	1367	14377	29927	19905	10725	26000	30139	8546	22759	22040	14778	27113	16905	20943	9089	3851
16253	22059	22148	4864	17637	22872	15626	4223	13683	22481	12153	21737	25934	24622	8404	27333	19000	4412	29826	10348
8047	15955	24913	5893	208	11748	1466	17844	16706	9810	4455	23823	82	15619	10226	1746	17179	7094	24816	32211
5225	12311	2350	23096	28702	31120	2362	28135	32212	26979	5413	17726	24259	2294	2440	8197	4837	23149	6597	30368
14681	10110	13199	24457	12294	12929	15277	26878	22144	32199	2042	15095	30767	7469	15025	5467	8622	17905	25319	32371
25969	4292	1625	13727	21419	8736	30824	15944	10606	11483	8802	5909	31508	765	8451	29026	24031	10447	23356	31982
21724	7732	30258	7123	1293	21052	19082	4796	29894	29943	16100	2386	23128	7047	11173	28407	15853	27257	11258	6071
29363	14934	26	9595	11069	27252	25803	4480	11558	22034	1063	27144	26615	8100	25504	6224	29514	18028	29506	17089
14384	14922	8760	8042	18897	25045	7314	19118	12626	18090	5701	30266	12540	23557	18291	1083	17050	5006	32237	25293
21794	13429	26615	15286	3480	10432	31819	19540	3888	13540	9056	31188	3763	19859	1515	30117	13603	32726	9383	1580
5538	8027	7505	18362	14992	12048	16631	31163	3572	14321	24435	11312	8477	541	27699	24927	6025	25648	24635	30664
14597	7373	32108	28764	28438	27258	22278	25834	12696	21937	17260	17114	9893	24883	6951	7709	31160	5280	26926	12388
11794	5445	28772	22672	28765	16693	10851	11882	11152	155	9080	32405	25874	16718	22510	17089	9250	20646	30352	27168
26742	1935	11369	1566	29730	31963	24014	12109	27836	12765	28831	13982	6078	27955	3017	30423	13867	14307	28687	23105
17270	12458	19979	26785	7071	10640	15727	29034	19615	17344	14737	9777	5894	32151	18215	14689	25059	26363	10062	21808
9700	28654	15314	32466	5054	1378	169	14828	31183	28751	16064	75	11522	11012	23547	25046	30964	8379	27767	24769
23381	2927	26898	24068	3728	25586	12077	10764	10158	6202	11696	3504	19319	31739	25423	24422	16091	10108	4620	30903
22161	14499	19453	8176	2558	10833	15696	14875	11608	13814	22412	22829	5899	29532	16921	31361	13404	10951	13315	2437
20812	3392	6907	31412	6079	18222	13215	4804	2525	8486	30459	11808	31673	8964	335	7320	20528	27963	22034	25943
32021	15465	9528	1814	6795	19247	30129	2192	433	1599	22834	27958	16005	18102	3383	25123	22786	1709	11593	14162
14732	17418	23164	30991	11406	1436	31805	15787	18786	13928	32330	31604	16497	19261	12290	31460	21659	26255	10463	14617
985	28290	22081	20101	8992	18756	5741	11751	29065	13216	1237	20346	26288	26064	23450	7276	16473	31379	3663	11921
4954	19584	512	14425	25525	15770	1650	10496	2052	7460	29869	24836	23578	8119	5816	2780	1767	7569	15524	27623
22428	2864	8907	16803	32272	24608	3418	32543	8802	24593	15629	32435	8161	31276	8506	31726	26408	12967	27409	27088
19341	19095	26146	31033	16317	6662	14880	25506	17824	20550	31204	19979	5507	3716	9140	22580	16501	4256	30406	11280
20977	22589	16896	8567	13502	3604	4098	18971	24340	3469	21606	31165	2560	20112	32326	7841	30729	8600	5119	32319
3860	29194	15413	10811	18821	710	22552	16791	17063	22779	4837	21032	25166	18751	2735	28230	27579	23263	30303	19144
29631	30067	27898	31024	548	3254	12834	4642	25160	16021	11232	25627	26379	6022	26016	31327	9707	28955	17533	4147
28014	7895	20671	17485	31425	23872	14498	8329	12958	14133	28762	18909	24946	21890	4947	27791	18112	27826	27325	14501
28608	15653	15688	670	9549	22882	19500	23647	28926	9901	8557	14960	32146	19421	4957	31080	22161	616	8546	22438
19248	32192	3577	14146	30837	23778	23035	15427	16029	23083	1312	6931	9659	11630	14273	11056	30113	21573	14818	4643
1283	13476	23407	6838	986	19892	12742	3170	17671	27358	20086	5895	19257	3365	21318	9952	7440	32442	1914	13493
9347	17610	21073	26194	7551	25499	16082	4921	22480	10455	27848	404	20549	28712	4876	28525	25871	5636	30466	15393
10603	3275	32102	17938	7297	18447	14409	20637	18315	29234	5718	1612	1849	8247	5978	27468	1108	30674	10756	21537
8099	31681	5865	13464	21771	29279	7370	23293	23033	6775	8730	27535	31493	8790	8123	12337	31951	5412	10505	4194
1069	12916	13593	17775	18825	25625	3394	7911	7044	17979	1245	27472	29919	30123	24138	22808	10652	6260	308	25551
28512	21683	26133	8595	17692	10664	23292	1227	32236	24332	1422	26136	29504	32421	17994	27272	8761	3097	24850	6669
14422	28416	3815	14894	21327	17212	23797	16637	30785	909	31951	29769	1548	16992	27131	2324	9977	25832	2225	22343
1441	5232	8672	30117	18698	23024	24690	20990	7186	6110	13265	6565	17425	22086	15274	1572	2746	5405	8433	25133
32578	6355	37	23252	21189	25895	18645	28924	21477	23103	13923	7951	19892	10232	17928	1779	19924	2939	19992	15417
5596	2833	6791	32407	15358	9272	12973	30872	16103	8182	11334	22162	4327	365	12221	18905	24146	17072	4522	19506
4902	21461	9625	14218	25581	4171	11789	1512	24037	7790	3524	19873	16991	27993	7741	19915	12645	17659	20344	7923
26527	7278	29949	23571	4984	10883	25631	22462	1404	25762	18306	12702	16388	24529	19419	24608	10774	18450	2551	622
27015	25074	20991	3742	10338	19039	15354	12328	18830	26810	8595	27294	20650	18221	25884	21655	316	17727	10708	32493
30987	22693	24933	23592	18889	20571	21169	15417	22005	19956	32206	12396	29952	26927	335	27544	8879	12746	25798	29336
15808	923	27783	12543	6608	24796	23214	17928	26748	18119	16739	7628	15815	12387	19036	10936	13243	15261	6052	21309
29012	9370	8603	26569	6297	2892	13887	13559	24588	14147	32169	1539	23364	19910	10202	11136	14041	11811	10168	23117
27520	26691	8020	30405	11383	385	24942	8246	5412	31676	11323	4244	23033	21163	358	9327	154	25457	16212	7971
25410	29298	24492	32591	867	17252	32535	30600	28556	30633	4676	24398	16528	9948	27696	12350	29157	26026	31140	25482
6474	12003	22015	17319	16812	25296	7477	1605	27979	20680	7960	17028	793	32510	22486	5989	11106	9373	20931	5758
24498	2583	21593	18163	12788	17337	1149	21665	3799	31364	23044	16284	32630	14136	3702	8156	11831	25521	26898	20787
13043	30326	3090	7042	27224	31888	10032	11053	23692	30104	13160	28108	30483	13844	7168	10020	7667	17412	30918	21077
22550	25015	15769	9044	6895	15075	810	15516	31073	26613	19716	27937	14812	15270	28874	2694	6089	3791	704	15247
13352	32382	27533	18137	31095	20553	2880	14793	30422	28898	3472	31682	30314	16620	21352	8603	21247	9229	5539	5456
20721	1605	9492	26103	32332	19326	27593	21494	24114	23908	5008	28020	25469	19318	30139	20237	32422	12637	14369	23754
17126	22397	15205	1872	26266	16843	15995	29015	8940	8414	23399	2398	14000	22856	16712	27549	4236	5414	20374	8252
25692	5110	30376	2498	12244	11433	377	6096	29287	13817	11435	4623	7272	18685	11980	3943	31088	4603	5593	28018
6655	9085	7680	23600	102	32679	26026	20988	5348	19399	8889	31678	9487	25134	15630	32099	29301	13887	29263	5770
5252	16069	26343	32640	12711	23178	18510	4719	21426	25381	25738	5330	23424	25107	23286	13612	22490	7177	19010	4346
17307	26249	8123	22246	28434	31668	27596	22845	6312	16479	24517	9379	30915	12392	22748	28422	17642	25930	7282	29392
28201	27376	10647	2657	7863	22215	17359	8124	15062	21783	6934	17536	26875	8339	13603	1563	25903	6191	31722	21050
9141	26417	5476	32643	1773	29579	26770	20103	11384	1640	29632	30450	5533	25349	22535	5381	12011	16322	15893	2887
31520	21881	30769	11383	25930	30990	1401	16836	32300	29511	23150	16705	10467	2782	4787	18579	31434	29909	28690	12268
21146	7946	19136	18750	27350	2315	22242	8104	27494	7979	25423	19253	16001	19414	30104	11461	11473	13089	26438	9803
1234	19621	26722	9017	20860	20366	2875	1337	25633	9455	15715	18718	13720	21593	20987	30746	25243	7851	304	14641
18286	15147	262	5869	32449	27350	6997	19796	18392	22005	25872	13335	6121	26609	31437	6412	23238	7528	26242	7902
9915	30848	4749	29700	26554	3964	28152	30191	17845	27021	9722	5256	19020	7658	6337	2521	2472	26914	25966	14858
21159	11441	15714	20368	10809	3282	23224	26529	5642	8341	16402	25323	31329	26673	9625	11909	3912	32155	14143	6438
12525	13144	2120	2197	3912	5519	24584	9056	254	354	17390	17105	32133	18046	25281	16670	649	1777	17706	30688
26767	18749	26483	710	27353	28842	8334	6795	26249	4064	31321	7205	5385	18868	24352	4160	17833	13379	16483	18154
23178	29245	6874	23440	3260	30340	31671	13609	15267	9718	27435	22193	19359	19334	24619	5081	22507	4754	8564	32253
15302	31601	14285	7510	14033	32331	21900	19057	12473	20525	22363	15327	24597	32348	16956	7215	22674	21482	25291	15385
17485	15752	29123	13564	19584	8091	25028	3979	30049	21138	14932	17090	28999	14710	9251	7968	12047	9922	2707	31248
10174	886	30327	11688	12135	27751	1563	16533	19792	14809	9862	19030	24400	9551	29179	26537	3195	418	22470	21315
19202	14673	28981	30404	32084	1816	10212	2026	27273	7364	4413	1541	5633	11333	9024	11179	14920	1797	9856	10412
27453	18296	2414	14408	9076	14581	30938	26528	16600	29124	25015	8299	13461	21368	16415	19434	27189	25982	24471	8734
10760	15863	28819	31032	31434	27843	5949	10577	18048	7390	22386	22619	18083	24560	525	16984	31616	22559	1897	20938
13023	13352	21281	7274	25059	12718	5402	6172	22065	6610	7108	7203	596	27651	9116	657	26977	11031	16374	32258
28118	155	16633	30602	1992	10856	15083	2284	9790	26231	4783	26381	16344	20727	13195	20648	22196	26780	21039	21826
29585	11577	24819	2145	23605	3217	6497	29945	2317	4459	16115	25895	7700	2276	32541	21025	27381	4617	4750	4206
13940	19365	948	3154	22794	5208	15998	10893	27343	4329	19813	8517	2206	27869	26541	23872	29811	2377	13544	18262
5399	3556	27069	32294	6400	4192	8679	22537	16498	17915	7040	16708	4843	29521	14208	19074	958	3700	25473	31617
18942	18238	20677	15883	28573	27110	7289	29992	23509	20434	19771	5266	23751	21164	18907	19561	29795	30136	11614	7464
27783	14693	7241	26584	30315	19746	32540	20099	22844	4978	17948	30956	29703	11331	6741	4477	5849	31100	8160	3713
30501	20949	11618	7059	17253	21995	7381	14166	6660	7060	6539	22887	26492	9071	3951	13456	28604	19648	8079	26943
1740	15227	15831	15414	15539	25759	23583	9603	153	13509	18025	19379	32553	1273	5219	16195	16441	20936	21556	2647
18349	26778	21108	26798	15768	32579	9084	15318	24997	27092	20961	3996	19894	25271	22075	17095	19402	6395	15403	10246
17188	30956	6300	13094	170	25319	13640	1672	24203	17516	5502	29907	3876	18293	14371	19174	3877	3078	15096	30225
751	8198	17178	23172	833	10573	20175	28167	7444	30206	21631	27372	2243	26391	21249	12098	23663	26950	14105	7244
15778	28671	14910	2610	22066	9931	7840	9205	4201	19683	27753	16296	24162	28413	5187	1758	4278	29542	6939	863
89	11345	13093	25631	4030	25711	26145	3696	18242	6591	13532	20342	4295	23208	20473	16859	22175	31045	19953	15301
2477	2304	601	22789	21190	23138	23140	30098	29533	26921	25256	11317	6496	28827	23077	11653	10845	6683	30339	790
18921	31226	15771	4846	8002	20111	6201	30520	7731	13706	544	32317	22328	19333	31567	26255	4835	27100	7811	11143
15486	30399	253	30194	24562	31621	16261	1288	16104	30019	23727	9118	16685	5022	21597	32156	17499	23005	2181	27056
3766	22083	27445	31556	26964	25499	2516	28846	9601	10516	23978	20903	4449	19535	1443	20991	8151	2487	19791	19599
18342	10001	9518	27246	24022	29779	28715	19048	28506	20154	19046	15531	24047	23063	11574	26308	17479	25706	5231	25546
25959	10161	2272	13529	11086	24066	13344	5570	30935	23512	24971	2561	21216	9387	4231	13808	9388	11715	31756	22586
9094	17229	15203	30609	5543	17327	24621	6308	90	9497	13736	4171	350	31068	1326	17925	22412	25600	1022	31397
24249	13968	20031	26440	734	10041	4930	18570	28279	21908	22280	10746	30760	4543	27908	1483	5030	6578	4129	3276
18901	16592	15367	10906	31790	13757	11162	6675	30564	23152	8388	7695	6471	25225	22901	12875	3560	11236	21992	18598
26622	1390	21543	26256	6280	22583	9425	14015	2484	26313	15643	25379	24832	5817	10773	19229	11423	30843	18735	27116
30	378	27131	360	17479	11368	15668	23794	15942	29651	13568	16555	4618	23290	14962	22756	17390	30942	23635	15830
32153	14748	23330	24467	6690	18937	13913	28221	15736	24895	7922	4726	31490	23880	29482	2583	20354	25816	10117	32037
29247	1072	16658	7937	16739	30687	17648	28638	19874	6620	16657	12920	18716	9426	21054	27140	23941	16827	19291	29794
11651	5040	25069	5274	1367	13823	985	390	32448	24703	14958	19660	7196	9760	16038	13840	7889	454	8873	15975
7403	9560	13459	4110	6663	16147	32375	3676	10095	10533	1956	8693	20358	14199	15143	5441	20583	6090	6033	5404
27081	30725	3066	10703	16934	26317	9797	15423	10012	8791	30374	31589	11539	18810	19554	13822	29216	8969	12246	31876
2089	28511	15803	8028	19018	30779	18344	23889	8568	21199	24024	22081	31844	2067	9774	5654	32418	5983	9334	19448
11019	1849	22510	450	3424	30828	20997	26546	10032	28506	10850	2148	9211	18322	29736	30977	6295	1445	6265	22964
20947	31542	14905	14941	30299	29009	1812	14218	32731	19710	6594	25507	20327	25109	20873	20580	24859	26707	17156	19600
25342	18094	9764	10724	13100	10470	25972	8010	2357	4957	12961	6992	20160	26920	17465	6872	27508	6246	8371	22545
2072	24784	6832	26022	3320	26770	25216	2613	24459	4954	20712	28674	9044	20398	20258	31981	518	20098	38	26273
16107	22794	3880	22287	6534	14541	18274	13595	17272	26107	22803	26004	28064	28672	28616	6250	12422	21593	32218	30235
21498	14246	24888	16751	14840	13569	17766	16741	28879	14223	26310	1901	12418	4692	6935	26071	18287	19020	17211	10892
14894	18103	2621	29180	6844	23476	5522	9815	23257	25361	2719	32512	7598	22370	3452	5183	19635	9552	7416	23350
29648	10036	28637	7702	10435	32485	14197	17554	449	16845	27468	148	24416	11075	568	13103	3508	18709	15511	7638
184	22115	25560	13259	12272	14516	9021	8153	21837	21315	24030	21062	4945	9370	9714	11012	18035	25186	14666	5159
1477	1914	10014	8348	5844	2118	780	791	22736	8522	18782	29005	27373	29687	22668	18276	4616	26052	9217	32679
8590	30081	1058	21119	27546	31464	18317	4766	31837	1142	27038	6526	9411	18297	4664	22538	6227	22121	17090	24475
8792	4475	21615	30501	13886	1396	11203	4275	24382	11451	17747	13072	21310	18099	32716	11207	11506	14663	18230	7502
4424	12487	1402	15743	17411	29170	31778	22599	28581	4692	27489	27298	9363	2770	10835	27079	21364	22659	5253	2719
18138	8129	28856	7548	24612	1408	13538	21000	7075	13023	19318	30588	8187	14077	15845	3346	23756	15118	26725	14012
31890	15534	6897	27158	11722	17012	19345	26521	1879	16075	15835	21522	3107	5373	17338	1619	4617	29841	31598	23849
4083	32471	11988	12686	5951	27329	14312	14623	31848	6900	3720	27856	29410	23071	25467	18398	8261	12684	27825	29445
27310	3573	18124	12276	1634	9880	4064	6398	1717	23181	8055	2322	30251	30808	32729	16365	14812	9147	3210	5774
17437	19918	23059	22506	23132	29521	19205	4578	29260	5440	30268	29298	27203	8104	16993	1323	8416	12986	23218	25827
12272	541	24838	13739	20114	16009	267	31489	7834	15762	18643	7751	26932	21441	27279	14708	3786	5353	19354	31242
11815	28344	1209	12360	18140	20877	14241	24224	23266	23433	23993	23915	21378	14825	29730	26332	11634	13459	10485	7986
12353	6126	28107	27954	13556	28919	4995	14037	16370	20370	21311	22078	29213	797	26800	23278	5442	1355	8596	27451
18355	1840	1660	23038	2866	21656	211	17549	15121	413	8732	19689	11672	5753	28795	17464	1191	11672	23671	22901
29084	14322	17406	8294	28791	23447	9897	1230	15933	8331	28482	32229	3738	24533	30340	5637	17609	10451	8993	6822
13241	4304	19210	2188	10600	8408	14826	2111	18835	21963	243	3772	31634	26289	29662	30314	28542	17741	30509	9295
32404	3317	948	3460	27358	21409	855	12518	16912	4417	27413	22799	26544	4436	13894	14981	2681	8886	10016	16944
2306	31161	28800	10258	2459	30840	11496	6706	18807	20840	18115	5081	26385	14384	13809	13569	11208	5307	13951	11787
6348	27787	23734	5040	15166	30288	10840	12090	2963	3001	2342	7924	23610	28042	20133	23263	7038	3567	11554	29094
27821	21775	13812	4564	23674	5093	20737	13125	13472	6475	19844	29914	13000	7512	28685	625	9901	30444	8649	5909
15230	20361	9475	28529	28804	18789	29419	16523	1284	19389	9878	1711	23399	26987	6471	16552	6040	5563	5101	27447
31918	7035	14828	20669	19915	2641	4384	315	13891	3666	19231	1660	32001	26063	13247	10385	1831	26994	26841	22142
28149	23178	16204	1843	11244	27556	31044	9918	9523	14171	12732	25534	3897	6513	8513	28955	31644	7710	8185	4084
2634	31655	2277	30169	1766	18995	25187	25403	30061	28123	28663	32288	21017	26368	4426	17691	2181	31969	4723	11900
26131	30316	20854	18372	2955	21845	23818	26972	8708	18278	28832	21126	22280	16918	29088	16787	25587	31836	20982	23639
9372	15045	31693	31962	311	8645	10906	13904	12154	586	21853	9803	3839	21655	3620	26160	9450	21840	31440	12519
31435	30929	19227	4311	25798	10436	20442	10770	29425	32755	6016	29900	4605	30810	13284	31762	7961	16257	3396	29881
29459	9481	26249	16532	10432	22404	30412	12778	8863	25482	15386	8998	5049	10505	27508	14033	4043	15068	8730	21438
26279	23711	15370	12676	20184	4802	29635	2353	9093	30941	12110	15933	14744	21059	7807	5053	4126	2266	3705	16857
24561	3626	5744	32640	20117	21171	435	21595	18529	18308	6889	18175	17887	7689	15514	15206	117	14885	19186	5536
23108	2688	31426	29894	32080	15139	2504	6704	30177	30274	19504	20711	19498	10072	13146	26973	24873	29818	12766	7516
4814	25060	8398	28733	27487	21465	2619	24410	24603	25258	31994	30406	25374	13588	19879	7739	19588	21710	26859	12883
24273	12643	6907	15867	27281	17726	28769	26661	21819	4355	5119	27070	1883	24870	20049	8160	1520	4534	2546	3656
15123	17529	354	26122	12762	15678	31238	25731	18812	22639	12400	7824	9142	20454	23009	3069	21101	16897	24332	26433
2196	12025	13341	13672	21072	24687	29178	2640	6234	28488	5321	23832	29350	23483	946	214	3650	27560	17894	5512
10880	17196	2272	1358	29015	27506	23531	25046	12039	15308	17636	13847	11516	22786	4673	8258	13301	16106	3666	18421
31077	2104	30663	1202	31769	26776	25459	18577	5148	3322	27471	9009	14808	22061	20162	28916	18557	8624	26655	2668
16295	5317	7024	2064	18491	7622	8818	28212	145	8124	23008	21816	21465	31790	29684	25087	24759	28471	13356	8866
13105	29147	6218	9062	21963	5787	4766	20460	32240	5191	14727	29864	22420	29460	4152	29844	13336	4079	19640	1830
8302	27152	16172	4735	9853	28369	15961	30181	15815	14273	15717	22643	12105	28404	28381	20495	28834	19870	6397	29853
14968	26848	32555	13170	24088	16610	1220	30476	7772	17954	27931	30464	4050	18700	23743	17459	17434	1994	32765	25933
17552	20061	31398	5995	8236	23789	1299	1813	4262	2141	23141	5487	31453	18723	23569	32179	20089	11351	3741	28382
2255	23305	21412	28074	24326	11224	1312	4797	21368	29376	21993	31008	14939	820	7032	28914	29089	6253	25841	19038
20508	6145	865	19658	4070	25271	26435	11857	14336	10138	30538	8052	18745	27980	17498	16140	12882	17821	16087	2691
20319	24412	20771	7748	30832	27246	866	23152	25457	540	3201	16339	23887	4529	29814	6422	7773	26437	11209	17462
15861	26836	15443	12341	2402	8083	30534	25359	16893	3459	17517	7151	1687	326	30389	26019	27671	23602	18925	11597
2404	32420	28106	12636	31366	20118	16942	23739	7944	3188	10409	25160	6048	27180	3905	11400	18194	6277	6254	30105
23121	16049	1129	7016	7143	4133	16294	1060	5784	29864	15007	9970	19266	30378	28372	3298	32264	27608	13584	24097
24239	3053	20717	20337	4168	27083	21914	983	21520	714	18396	13971	23444	22608	8531	16725	1561	18338	6399	21166
3386	5113	21763	26821	25811	22233	27048	25675	21022	19102	18852	18353	32284	9048	2973	30360	1847	27096	10473	2441
22053	3339	6552	2534	14863	7559	29108	10784	4083	26468	25543	20011	31047	24141	19614	30767	26079	4054	11341	28033
29968	4112	12403	10193	29206	5212	13247	26277	28595	12412	22195	29958	18201	27120	5544	30584	32266	5503	19	22064
22590	13076	29958	6018	6149	15307	2298	16025	12845	5708	30923	618	31014	9560	19972	28906	868	9377	6237	21119
20741	18399	24706	25013	29876	20512	14358	11059	17357	2911	2808	10733	20929	29273	5573	29595	15037	22684	9630	2409
390	25313	1323	8432	1192	14235	15071	31077	20175	7632	31870	4368	18037	32296	31709	20224	189	31300	28906	29950
15263	3664	1259	28095	17222	28892	779	19294	18102	9447	29202	2569	24498	29245	31604	27386	20957	14340	17293	31656
17695	19857	5931	7487	32586	25984	4685	8270	24830	9987	9258	18624	10698	29050	5237	19982	18323	32324	28128	11187
13626	21717	29151	21983	11385	17673	31150	9839	12046	23480	26773	5661	11036	1419	4971	5620	16078	21518	16729	7432
24381	6406	10720	15971	26260	19460	5149	23362	19826	28218	31564	17794	5007	24718	23692	26197	7075	24557	4577	15673
32387	7138	24191	19243	6541	7015	4166	15895	23623	25595	23177	28820	6467	5876	19987	4558	24134	30999	4716	2499
6056	6246	17496	28083	766	1081	7585	6353	13559	19344	18966	15679	13956	13736	3540	313	32060	26828	8388	31889
17150	29550	25445	10843	216	27510	20684	8937	4391	6106	20969	12794	15616	22639	22027	7470	14543	16383	21670	11965
21566	5275	7253	22633	24921	10802	4891	689	5871	19299	19438	23624	29243	9360	5494	15813	23491	25908	26130	30108
4993	2934	18716	4173	10305	3582	12654	28891	32330	22535	21796	19840	10560	19381	30372	25759	7497	16041	16092	32250
31599	9428	3275	3109	32070	23944	24131	571	17358	22229	13805	12751	3482	31506	8845	17701	6194	7354	19335	10658
12471	21626	9891	32386	14277	1415	15117	23497	7325	31797	5536	1404	4996	23238	21091	24336	2918	18559	24404	13091
9919	5890	23653	9066	15292	20951	15557	21739	8093	27724	3424	11372	16733	383	1193	12075	22421	23225	16279	23503
9630	12285	20461	3999	7157	22241	32703	19442	22500	21405	28210	28646	18015	98	27011	14933	28205	16109	10827	10245
9544	26715	21505	543	13701	28479	24256	12515	13431	26610	20042	9881	4753	27434	23118	30411	9612	1742	27622	28081
12808	12553	5220	15341	14454	29086	24910	2681	2357	13691	12711	2781	25595	144	28784	22437	9847	29153	22639	14610
20021	19930	9519	8720	20929	739	21832	31080	5391	23605	25056	823	32026	22252	3954	32415	26316	19805	15311	19388
1310	27817	19810	11737	27264	10387	10167	32228	16763	8590	18751	24864	30869	12570	30285	22554	25973	4177	5477	14814
9031	19645	8374	28522	12386	32621	20709	867	3880	31304	25868	23047	28206	24481	11267	9571	7070	22539	13022	27078
18393	23150	15542	9845	23392	14938	26541	30368	25588	28828	9004	16021	23804	21007	23407	14644	22312	10421	32324	31139
17236	25350	15631	13635	25775	19848	12306	27106	11804	2720	16107	13362	3800	15528	29278	27257	29277	5697	4949	20363
30599	17643	15141	29174	8950	27091	14611	2940	4275	5355	28951	29894	26902	30272	6112	342	7399	14729	28695	22462
11459	16379	27880	6671	32705	11365	23999	29333	3414	30072	1871	22721	24182	29286	19929	8807	10748	5552	21675	13610
4172	19000	14055	27700	14903	9886	15749	1578	24351	27337	13979	12126	30299	31684	20956	31815	6108	20940	9823	26671
20497	3239	17827	11308	27401	8759	32719	593	31448	23374	15678	10533	7483	4804	4410	15188	17535	27335	27144	12197
1950	27763	550	5420	15788	17826	30416	24513	26737	6406	10184	22705	12888	5237	17495	1971	904	16771	10639	10269
29264	17494	30164	32343	4808	31926	30107	8592	27061	15716	19824	3505	1710	3501	1342	4495	2429	10558	22731	28005
5832	12858	29058	13697	32753	18826	28021	19773	8762	373	22434	3633	16685	24176	30069	28583	24635	23095	3471	16975
24483	7452	3014	21557	24725	24991	9837	4335	13463	13888	26837	29211	23593	4497	18195	21513	22692	27791	7940	692
21864	22322	19087	4855	27702	15171	10026	23549	2267	16750	13984	9466	12303	3224	15633	23320	11676	16243	58	25525
28099	79	3062	24267	1499	28467	8197	28079	12347	16940	11021	20991	16218	31717	30430	30933	19509	28792	27130	17985
9201	3204	597	13559	14530	4736	27993	7748	6667	16974	24877	15943	14279	7955	6967	18525	29991	18247	10208	8157
20092	4872	22423	2310	5720	27828	1304	26165	3568	6070	4334	21851	23749	22944	13878	16815	11140	14715	7335	15776
26154	18778	19407	14606	26987	11830	25503	26553	8021	23029	15914	27642	20273	11212	24234	6577	9386	27335	20932	25982
12849	20134	25357	21556	29343	2795	19404	32394	3612	4145	16130	32020	26176	30655	30375	20594	11641	19805	9783	6600
3501	11111	30317	14190	8736	23839	28238	6632	18583	31559	28010	25880	3518	14064	7007	12722	14535	18061	28830	753
14932	10571	15474	17544	663	13477	19518	25820	695	8242	6150	24432	23926	962	6192	19360	2834	31658	10380	17299
29800	26460	7315	14187	18783	30267	26860	190	5764	30381	1589	19018	24050	7025	28927	8164	14197	11059	27418	15026
15343	20061	25108	23962	16378	28465	7932	22010	8654	24597	9067	29850	11878	15405	22470	4831	25054	13871	28349	30785
1824	18803	8727	13310	31423	330	11442	16144	5411	19089	9669	31325	32743	902	8553	23855	31359	15834	14936	26595
21022	26375	26868	12005	4310	19171	19339	4572	10242	9333	17369	29473	6625	12552	3534	886	26243	31103	13202	30197
16361	17896	711	12358	18792	28500	26382	19221	26190	997	19916	30403	23496	28968	30510	6236	18947	10405	22634	13002
16530	29365	29512	28744	29200	25492	18146	24601	19206	9911	15783	15481	28686	5216	15526	19668	26425	17775	14346	14390
28847	6523	28896	23555	21141	25377	16417	31464	7220	11932	4844	22545	9303	22166	31763	4764	18164	23358	32473	21838
9743	12187	30458	11909	29148	28960	16876	9326	31780	15744	3429	22904	6889	6852	28445	21769	7757	9626	10709	17519
23984	31216	17304	18457	8217	2497	20801	8455	25559	22063	6973	21119	18792	16083	32658	3074	9625	23377	13600	28542
32495	4911	21543	1989	31302	26599	18442	830	31416	9530	3667	1754	30912	27592	26358	11594	21663	18910	23002	1648
10239	22159	13717	11027	23255	774	27512	14550	32654	5658	27851	19051	14947	1571	27993	16388	14348	9484	12080	27658
30621	21162	15266	30738	27564	10572	11663	5645	14003	22676	28903	20926	1717	8837	7018	5746	21541	11996	17074	15595
2051	10404	29556	13725	19784	23045	11779	8989	4484	14941	3093	30934	30918	8850	29642	29182	18620	7078	31722	29896
3867	31627	25966	13787	1857	17465	20035	12292	794	30975	330	17447	23360	24086	1955	5500	10854	22140	24363	30199
22518	21503	31299	30472	13817	3480	27860	29317	13880	28667	27280	8165	31392	31852	31354	2478	17643	2516	936	30512
2429	7188	5959	7796	10636	17817	7137	12912	6276	18225	15835	8572	28842	25117	18754	6154	15103	4199	20679	7057
28263	6006	17927	20938	27146	10463	26384	18463	28411	1406	9505	20321	23832	22214	26802	16313	14129	12885	22196	14561
12908	31691	31514	12947	21735	6365	31896	28994	26528	11173	15787	13065	16274	18236	3801	10465	8737	21131	22074	4118
18616	3422	20535	32764	18353	27578	19858	16350	23669	15217	4775	14647	26340	18419	15345	23076	4599	28775	19407	31770
28579	25595	17800	8916	3073	30840	31117	10128	15277	20249	26367	9339	10604	15261	22129	13418	26385	8603	4591	23242
1441	15382	24127	10202	30901	849	6502	27928	18720	9444	8815	5624	23250	16912	28263	30940	18940	26704	28332	13377
9077	30768	11368	27702	31837	28258	15704	31763	11520	17167	30162	28775	13052	21355	31750	23858	32423	2444	8324	25685
12203	13948	8190	70	1267	21133	12879	26376	971	6124	2749	6491	6722	11129	11643	29232	16595	18390	15986	19039
24389	7870	11586	1180	30928	25753	25219	5544	25473	14925	21072	23748	3808	26966	6150	24683	7631	9753	32585	17216
22453	19573	7752	1350	13532	19100	25922	25935	2584	11809	18250	30391	6058	1874	24647	16209	32611	5831	15422	29090
26125	31035	9172	5965	17414	17819	4622	16335	10542	20829	14172	1900	30723	3859	11734	2665	23563	15168	17093	6268
32627	19306	31077	15489	17397	21360	10985	27758	767	21790	26560	30089	6417	11775	32279	30937	16486	6002	18847	3034
32472	27904	12432	20853	11006	11501	29166	7982	19607	26381	10507	672	23595	3545	10829	15142	9711	24002	7473	31708
21482	20166	30608	2502	25430	17472	15905	2638	2377	28420	11840	5620	19092	5547	13549	25409	19179	14124	22296	7676
5959	15277	28444	16033	28553	10136	25481	30223	21344	1264	15142	385	22124	30438	12854	31423	32676	11175	13563	30870
14325	8313	25465	4997	3115	27654	636	8889	17941	759	32220	17724	8420	10949	24576	2921	7381	3788	25249	21667
13840	11170	31952	13638	719	1190	4667	30942	31938	22492	10156	5271	31155	17400	16594	7669	5990	5304	19268	6597
7875	10615	15043	14164	8758	10752	15039	19422	23383	32160	6429	8777	3014	14463	20024	29459	25945	29487	17958	6282
15738	16518	20284	21307	4042	13737	20948	12972	5131	14442	13645	30286	27452	2004	5716	31405	10245	13059	12898	1770
13910	29242	11398	3691	26188	5679	3941	15057	7764	425	12415	21034	30866	24909	22708	19816	20356	5557	22022	13075
32226	963	23200	2618	21961	16181	19736	31151	4889	17273	28145	26484	19740	11970	30308	11376	11112	13147	5215	12390
25094	13116	26575	552	14547	14811	25883	16392	8743	18500	16624	25744	9397	10092	18756	19315	7346	13506	20373	706
6202	23816	2162	15459	21231	14689	1085	29632	5347	683	9519	7100	30904	20238	13980	26859	23813	19925	2425	3074
1276	30077	14875	28812	11338	22540	833	21471	4671	4517	16981	18511	16431	1368	4335	30881	3864	23614	6043	16323
12420	31430	32220	26810	16049	24650	7025	10971	6128	9446	20182	13886	2379	2441	7438	25712	3178	20044	32416	24936
7352	17155	32224	24764	26561	17938	2671	13077	23774	9603	9733	20449	24597	5717	20078	10055	9275	13846	18643	20576
28763	19124	12859	26532	21596	13456	31057	12706	4317	18132	9576	22005	13924	31239	3772	18035	16312	11486	27643	9895
11147	26453	22788	18306	22876	21503	15086	2893	11676	25498	9548	17890	16656	20199	9391	27932	8054	27321	4717	11660
22891	587	21921	14189	28044	11222	13683	22490	19676	19299	8346	12863	32358	14302	3615	11790	9763	13933	23395	27827
29469	16384	19299	23497	14549	17704	2875	14222	14306	25644	24553	4500	23004	17754	24916	12218	25720	4507	26253	22363
26612	14154	1876	22725	27830	28998	22238	28397	9264	17478	15317	18273	8454	26221	2465	18045	23155	17695	16102	23522
32489	7442	3405	31524	23031	22696	3720	3267	20848	10364	19088	27485	15818	2618	29489	16673	8644	12725	30921	22919
1355	2099	23629	15166	30623	13835	25228	7782	31922	27251	3256	4864	27089	21907	31266	27555	30085	2270	5957	16496
32444	12705	15878	7752	20260	25052	11066	13884	23768	23378	28009	8516	20286	4316	12497	3124	19247	20994	3246	24557
19033	21708	13753	14800	482	4566	14831	18553	7246	9891	10643	24745	19107	12851	20854	24195	28875	24536	27254	9980
28985	5189	25157	23949	23504	28904	8556	8746	1024	8570	29327	27512	16946	10196	28402	20795	25702	6660	5180	23309
4634	1696	26491	10070	10094	29530	18793	32376	19335	10709	24558	9802	17969	18103	14565	2504	22728	16128	2595	2313
7768	20378	12981	1393	14083	2864	24938	32295	17059	31300	1170	20681	28337	380	26372	29279	7014	573	7782	13454
23583	27003	11944	27407	22278	8400	1746	1375	18415	5579	15104	28855	10880	19338	8106	22078	20373	10891	10793	2430
25058	703	14967	15124	7643	29664	12855	17324	16592	12293	31989	6957	29533	19572	28078	20529	13057	5303	5523	5048
32525	5106	30730	11549	19648	18547	16374	27209	1712	13707	23096	24614	7019	18332	6518	3926	24415	15988	18202	16678
17911	4569	17822	12477	13831	1125	10248	21658	32106	22677	25264	23613	10218	23580	31049	13859	15711	15741	19999	12792
11035	24536	30366	4873	23686	8452	14612	9976	18182	17887	6072	13491	27938	226	3306	22438	7398	18169	23740	6960
28041	26257	8114	27220	16461	5362	27334	10162	18599	26063	14511	437	24480	24859	30819	22285	9851	11039	25819	16224
15512	29386	2582	3132	3224	6728	7008	22097	29890	19926	32468	27357	20133	31956	12832	11623	6655	26907	27784	16816
20190	16530	8750	4583	6917	29948	19600	1308	3729	17940	7250	31223	31709	12764	30782	22954	3746	16178	28041	22308
24163	22180	30039	11911	8	7557	13186	30941	23241	1856	4759	26631	17485	4333	24866	32501	10259	23330	21548	6685
15890	5644	4865	23589	5276	29630	12343	21219	29064	5320	13291	26760	20112	8972	6990	29976	29944	3789	29025	1054
31857	8713	25852	8861	12604	24073	21	18761	9618	22326	25663	14071	29252	814	12401	20307	27295	11543	29705	20945
18322	1076	21264	31974	3603	30901	16320	29047	13502	23252	27971	27282	19647	28701	24510	7516	12787	29453	15758	21834
1610	12511	17874	8340	31856	14755	4137	8423	13740	22160	31165	21595	14088	15003	25472	27300	14770	8521	9653	31372
23202	20417	23731	11169	28029	11301	29413	10282	30393	24354	3094	27488	4355	13254	13803	16347	16861	10642	433	587
396	27857	27481	31848	31281	10536	12737	27692	16950	27245	1078	2879	5611	32700	10550	10931	21617	5320	634	14065
17368	30064	4660	14323	24708	12179	26005	8628	15317	1828	2194	2277	11783	28801	26344	4066	24406	1280	15965	8164
27750	9675	1609	17016	10723	16623	28758	12080	19300	27823	26244	24984	29078	19742	10864	19307	25494	30701	31189	30471
30622	19073	23635	11807	28388	26184	32367	30896	18623	18254	15836	2102	20748	10507	19193	25375	28112	11648	922	25728
28703	31362	27403	25607	27708	16725	25426	6705	23809	25724	2997	5308	5761	12240	26748	20320	19437	22224	14328	17594
11444	11576	6340	2953	23790	19925	25931	21532	19707	9111	26762	23051	13415	2280	20504	7718	13329	28988	32611	31915
25485	20713	10300	29628	19910	14138	19606	11791	8424	20158	3466	9704	5501	14310	27551	29764	20694	29135	23625	8279
18092	17757	22703	825	24071	26249	18865	5085	23903	16380	29994	12098	25089	7388	20594	12525	26293	9446	23592	28566
7582	24253	27950	29218	8545	11393	1780	28881	16778	30372	11002	30393	28203	30969	16784	14195	1733	26126	32737	27924
4204	21692	28463	21086	5927	11260	31072	3384	16022	252	7866	7516	17879	7027	14571	9040	681	5169	28492	5015
6098	16890	16486	10792	27327	26772	17590	12831	7275	24095	3757	30131	2434	6821	19451	27240	5573	26098	3085	28037
18096	6054	20436	9417	29018	7560	18121	22362	32670	15389	23854	21246	4216	15738	32662	12685	30641	598	14247	4775
24767	10595	1567	7586	6375	16607	7701	24518	17572	13925	25986	23229	1100	30986	24319	22341	19441	421	24784	20520
29317	13678	15650	2414	15426	22219	16273	10193	25673	30822	9197	23665	27018	9859	27198	30921	8931	14993	11269	32482
24204	3326	22213	454	4274	31056	28610	27192	21858	26738	17673	29602	18857	21835	12208	30031	32762	32661	19295	19418
5071	16621	18192	30439	8339	14374	13074	16144	8128	16099	28756	30755	29253	23909	9440	13194	6442	12449	22950	30474
24950	30358	9595	19377	1873	13533	2401	14601	5222	11650	25097	146	32139	5650	4758	11631	17316	17653	19620	19552
7108	18686	6537	24560	25238	8001	2266	25840	24316	31525	10290	31523	6133	21690	10286	1595	16836	12620	21180	23300
1615	23096	13974	19680	11461	30206	11273	12147	25731	14232	5883	8351	14137	6154	2604	11955	26184	20027	12220	11999
14191	30979	6894	22508	29863	12165	26411	29993	9035	27583	18506	17833	13948	863	28686	23467	16580	8920	27888	4186
26873	32438	26143	24503	9829	12078	22726	16595	2083	27130	14989	20033	3020	3684	9570	21195	18260	14240	28793	3684
27182	18782	23185	18270	22967	10912	10618	31709	27857	8905	25300	18316	2766	3319	537	20878	12689	21907	20446	22200
9967	30247	15957	9213	22875	25455	28439	5417	13251	8626	17952	27603	26805	29522	11803	4748	30918	21923	29153	8285
30772	16377	20284	12401	22474	22789	9968	25102	13572	5729	28156	5322	30068	31337	17437	13563	12644	25677	21396	11375
12733	9828	24105	19293	1320	22211	7024	15772	28786	3599	19531	24595	15925	2191	10160	2673	12725	23941	1196	8478
8456	16575	26024	881	31354	617	18668	10787	14639	16677	25185	2563	3338	606	8859	3820	14798	9432	12054	17140
29059	24972	12224	30183	11804	20148	5560	30964	20054	6434	16214	17061	31203	26581	7531	3861	4296	7630	15818	20573
10756	28192	24327	847	25970	30279	29054	15463	5360	21178	10647	254	193	25028	1865	16577	19248	10383	30429	866
14198	3714	28405	7821	22494	25292	12236	2078	26407	24641	1983	6289	20778	9062	16653	20921	11965	18119	7387	32181
14550	6545	32635	14881	30452	9308	12781	17289	11450	28745	23718	5411	19165	17485	8081	12477	26433	19660	27476	8948
95	24938	32724	6055	4074	23838	13307	4779	12466	15496	27321	8384	23496	30340	22856	5316	227	17151	693	9511
32258	17417	3228	32159	14931	17708	20787	6429	26708	1276	21129	30719	13112	15600	29456	1671	23436	23408	5978	18316
1818	9263	5408	5999	18446	10939	5000	6993	8023	23379	16551	12419	32336	1528	69	28734	2976	8134	30689	7061
12127	11909	7157	935	10874	4732	8828	16921	15704	8837	32432	21956	8637	20071	18968	30634	23535	15199	16066	15407
10008	3840	9934	21638	236	23614	25900	1129	6283	26309	31653	8205	9385	12431	12832	9813	25836	1461	17182	19270
21141	31365	12680	1723	17507	4054	11178	31577	2484	29080	8063	18886	16622	943	25647	9238	27933	12546	7382	13702
3806	12494	14471	12909	17531	13889	13201	9327	13655	15940	32256	18164	19597	28568	11111	2008	1748	16676	20445	101
22438	23181	11846	31358	27041	25352	7124	22044	15917	12908	15565	25343	28767	6284	32398	669	7965	11971	29392	9823
17027	26576	28714	32268	28806	20964	7127	27269	21719	16122	16570	2228	24586	18279	6047	26815	29176	23218	25796	17793
866	21157	3736	20538	4823	15524	4546	25733	22743	19774	30309	14475	1848	12802	10914	23927	6089	13716	26207	9258
28214	27136	31815	14895	20779	19789	15378	4849	32444	7254	18951	28971	24581	18389	4031	9377	8205	16321	10795	20494
10737	2266	30937	19293	21054	20610	12914	30235	12190	29390	8840	3629	26295	9949	29838	24254	27984	17768	12328	23420
2229	23963	19110	31748	2909	3107	29130	27546	5579	18569	29650	24862	24242	7358	26802	13115	18012	31479	162	31970
14668	9658	7128	26103	9763	24121	3991	25674	2752	19680	15464	2248	23723	22570	22952	11507	20660	23992	6722	5263
17879	420	3774	22430	22371	2067	26747	10383	23132	27913	568	19123	18973	11906	20953	19696	26689	31934	10088	23737
5060	17628	23899	17725	7014	18858	24085	28383	3920	16060	8879	29415	22010	6587	3831	6007	2124	3584	20153	18368
22788	26209	6206	23669	2903	12619	30739	18560	15579	29458	2571	32245	1700	21124	17287	8004	14765	29636	13045	20658
14970	30038	22679	15882	16380	17270	31878	10383	31157	13742	9718	4406	24861	10919	6075	21266	14915	5696	30221	16912
1975	13789	31112	8676	30120	24321	21366	2371	74	7200	10065	1363	22906	2990	15748	4448	20901	13692	21362	14032
18406	19012	11449	26969	25966	387	18872	29553	10281	2438	26447	1798	159	15816	11237	18032	1816	6011	9648	22948
3075	3173	32304	25514	1944	20461	1789	27729	11453	10870	963	4641	8998	23275	21899	6289	11457	13979	27452	9850
14929	31560	7009	18636	13144	1914	19244	3456	30011	27929	1723	19149	19873	4667	28315	26271	29724	21563	7819	12869
18187	24843	29058	11881	20415	15051	18163	19270	20956	6554	11599	30997	27138	8108	5580	7368	32685	5020	30053	15611
3674	5380	30497	31528	2540	32588	9113	11546	25165	28351	8628	10916	27224	7140	29878	9106	9719	267	23417	4576
17288	32294	13561	7210	17542	28378	3607	31844	6501	26326	15510	16075	13501	2148	11114	27931	22955	10557	15410	31235
10613	14754	25091	214	13420	8616	22887	11651	4631	2260	8613	24775	17549	15335	6979	25761	27427	9467	28618	17671
2119	2511	9929	8407	24236	1120	3100	1808	10664	27065	19310	13378	13530	4875	25853	17475	5903	15616	24477	11300
5222	29005	23552	4195	27571	11911	27956	19298	4898	16951	23149	14360	10269	2352	11781	5383	5743	2592	13761	4974
15017	7782	22614	26303	964	7459	25644	26707	22537	15508	15201	9053	16686	7583	273	23837	9154	13739	11221	27990
1483	2741	8585	31489	10413	30112	16467	28995	31309	24269	30944	16541	8567	10476	24049	16483	10621	15890	19735	17519
4385	29451	5306	15126	16565	13553	15200	26459	11137	13565	19500	2915	8293	1694	19621	5929	3520	25544	16314	12147
15504	2959	23042	8453	18138	28404	19272	5140	19788	8191	16710	5117	12321	14094	1969	16183	20293	8812	26998	13190
5561	5157	14148	2674	21562	537	5962	31224	12061	27728	578	28031	9086	23949	4526	11022	26521	23078	865	22715
10872	12562	5698	30311	30415	25412	9293	8104	15652	5431	7642	10759	18738	16075	18978	29548	9872	3407	28927	29910
14478	11231	20979	27983	2400	26096	3180	14624	5246	22569	23878	10561	4170	9077	21906	28435	31475	22102	28310	28753
28314	124	7956	5956	180	9366	21968	29495	12464	31848	32076	15659	10713	17181	27862	5324	23677	31199	27332	2467
12879	23206	9215	17548	25098	27981	15550	25963	9815	29419	24212	26907	23537	7008	26541	11175	19207	14638	8021	23229
8162	26507	5049	27743	22215	22196	1266	28124	7967	12931	319	16127	31189	22340	5778	3462	5888	18629	15695	9429
14018	8108	24656	26092	4463	24845	9772	31639	2802	29756	24505	7908	13677	10976	16335	32730	26400	3913	16463	9832
26508	27908	22628	24476	30680	18348	26633	2838	14963	13314	31948	23739	15867	18240	21457	26286	12126	4267	15641	32636
30527	20840	17412	22678	18075	26256	16661	22789	22188	6535	14582	4185	24589	19081	11452	21986	3360	10629	16235	26659
27565	28975	21693	8324	8651	22609	3359	3911	27140	11617	17149	5053	6836	20569	27967	17594	15538	32451	2836	15686
30002	9747	31982	8597	18154	12346	28366	28730	28276	32376	14273	29591	24052	1650	21162	26520	7162	17796	21571	10145
2474	32344	607	30916	21530	29880	28786	17464	5371	7072	17746	22022	26236	27032	3647	29702	28267	18240	17186	24842
9373	19501	24594	8281	22673	15859	14364	3423	14928	1411	25924	7074	27287	3768	31175	21240	22072	17964	22179	23544
24766	10576	19289	12462	8784	7356	25330	17811	15576	31939	576	16059	3172	7243	15206	1361	14028	9691	31387	20801
24213	4854	28714	31540	32021	11688	23485	10945	10200	20574	7388	13537	17731	22523	11441	16036	29815	31783	25870	30755
11384	490	14513	950	22159	31867	16582	23911	26604	4178	17325	22182	16016	27780	6398	31294	17770	28240	3786	27783
9152	8949	13348	7133	31697	7111	11488	21842	31929	18562	29339	4512	19348	19422	9980	3682	2022	32356	23352	1923
28475	4991	28892	9462	25610	5334	30663	28839	23519	10201	11637	26802	30905	20890	388	468	20913	11487	17264	11806
11997	18037	23970	15345	15476	5063	16809	8486	31027	14255	27079	1677	25599	2443	5039	10137	11467	4756	6285	23129
27836	30059	1607	21418	10635	29685	24066	31660	10284	1897	7145	26226	21165	16039	27689	17662	13664	22220	12608	25196
22332	16899	16248	365	29057	4254	29102	11767	19099	28773	31576	22331	14409	13869	7111	17880	3326	9645	5801	16974
29832	27534	5585	32693	1007	32193	22587	7855	160	22037	21066	23707	8906	15113	9045	17163	22281	2782	1122	27512
17218	15601	5169	11061	4814	3400	9341	15266	19930	1643	27774	12962	16397	23925	17586	24399	12908	21610	20445	24300
31867	5835	13647	32282	12453	17512	20581	14927	26590	7798	31058	30597	28807	2785	19231	15919	25746	25060	2801	5489
27366	14806	5259	19856	10245	9543	28691	20136	8684	5963	29977	16285	6971	25110	7893	6483	10645	969	30128	31266
2890	13708	12807	19844	51	28893	31787	7185	10718	24359	28076	6062	14059	26519	14295	14337	23990	20267	4989	31528
27191	7948	24054	7850	25382	17693	1894	25773	2658	8916	13887	14698	15507	32329	17415	19679	29710	2444	30556	29891
29434	29756	7989	27327	22705	15189	29546	15067	9833	11082	24183	30263	30484	18516	5245	32251	28293	4361	7049	31376
9171	20272	10521	21265	2818	27348	30940	14588	8672	29591	186	7214	25646	21577	9748	6926	19200	25785	22605	17160
23399	19915	13449	13629	2124	29643	5812	888	27551	23297	15303	22884	6834	14982	22854	17917	6623	12630	19981	14661
13169	20901	20557	2616	13762	30327	15570	6401	23712	5995	27527	24942	27125	3799	11579	4514	12711	1562	22181	30986
7358	31790	31910	25490	26565	6781	17871	13592	8306	19446	29987	22816	9865	19039	4638	23242	13309	5613	20982	14594
12376	2834	9760	19191	21342	2710	5142	18638	23277	26601	14936	19607	22568	4536	9904	24448	22485	10430	25019	26440
27138	30941	21413	2039	19695	2157	26164	19917	16168	12756	2056	13176	15602	31574	29985	22666	11496	8495	26785	31785
16358	1503	7123	4104	2086	31942	13933	30615	2985	8944	5138	18295	21977	14898	795	6449	19564	14966	24727	18215
19339	3411	13712	9419	19764	10209	14737	1806	8157	30411	24164	12572	28762	20645	18720	31046	11008	25216	23652	14911
30731	19132	14301	25740	22333	22046	20750	17462	7880	4898	2384	20162	24942	12179	25879	3426	32743	21592	18552	30573
27011	29585	23784	20749	20496	15587	1095	25144	21246	11279	32029	6625	26049	26058	7203	29039	30071	22217	16133	9326
4555	18715	23654	4228	7449	25531	21796	20903	18387	18534	27358	28302	23331	17322	32692	10597	5841	17216	846	18629
9832	1691	12576	27875	29076	15809	1004	17672	19407	2650	648	14657	18236	5894	18913	23639	11987	14580	30784	14849
27583	20401	24012	21849	23044	22333	5713	27533	20581	24676	28735	20183	24453	25419	17654	28079	3148	8266	9792	23103
2444	761	1311	26135	13541	15246	13770	9762	23270	614	29938	29400	1652	14817	21065	14518	24432	25203	9285	11499
23700	5368	26913	14933	19614	30536	14630	15019	31409	24332	11816	20476	29176	5840	25683	29272	9356	31065	30760	1485
31128	22328	9666	3221	1723	23199	27998	18829	30893	23924	24858	26345	28454	26020	32765	29990	20475	15290	16952	22081
21898	20400	15019	26919	23641	24580	29099	2412	13306	5903	23811	14143	30514	4755	6456	31646	12122	2451	18450	23750
18180	1127	14423	30446	4066	23311	15066	3380	24548	28104	18612	9944	2465	19421	24274	3240	13304	15552	12976	15035
21751	24409	9315	6754	21499	21406	4573	6236	5913	8804	28525	27465	32701	22388	18821	7777	6801	482	5056	13414
1697	3738	26915	30423	22460	12604	8612	17767	30749	20266	24808	31150	19787	8415	593	13085	9277	32130	1592	7991
10434	1210	25719	4606	27680	6853	26667	684	16123	27332	30904	16548	25209	25433	29709	29864	21668	24948	32297	16972
15376	32106	27101	7595	14013	11848	7892	10584	4158	14182	8402	12440	8987	5183	7225	4558	26997	22143	7121	11574
232	10846	19400	11222	9654	29997	28152	12978	26913	16942	25449	22080	10008	29097	28439	25115	32534	24124	5621	18683
21576	27763	16433	20709	6382	14489	32698	20383	26883	22221	8192	2919	14368	22872	25339	5092	5790	4413	3950	10077
20987	15634	13421	30761	29822	6671	17949	26215	26654	2917	30651	495	16545	19408	30431	26760	28929	23920	27650	21595
28691	11221	25662	28327	4202	5209	2134	15031	3962	18610	17654	11537	8185	16327	18492	17137	29579	10435	30838	11765
1949	5224	18478	26650	14737	18599	2916	17383	26140	29293	12826	19688	6125	10687	3094	3166	2448	31753	31203	1589
32401	28851	12057	566	14308	15350	27102	30078	1924	5102	17325	8239	18267	23536	32598	13157	14178	6685	30790	4972
1801	27447	5897	2608	3545	26804	28429	32244	30552	13585	27049	71	26157	8809	8797	18740	21124	10054	22620	29370
10164	5559	6471	2172	25887	18595	2364	16312	18010	15196	27663	27517	13967	16247	21463	281	4895	17628	6317	16593
395	26649	32176	22230	23700	15100	10061	2164	31905	31584	18109	16779	24418	11335	7886	5699	29363	17705	17895	3324
1731	27532	18758	17540	11125	27349	5517	19085	32006	24158	18557	13918	9201	16840	20481	23496	3087	23443	31342	10844
5891	13803	23561	3291	19925	6597	11722	23790	21981	16427	2399	16151	11491	11732	9844	31464	28804	27896	32050	9075
13527	6498	29189	9217	11857	29383	28323	1287	13030	26966	3146	32085	22129	22672	13128	9105	9814	25690	21441	21476
18534	11345	7085	7667	259	18781	20000	20241	25732	18825	8142	27826	14299	7698	15566	13091	17524	12221	23454	27769
9057	3438	360	13256	17333	26871	23427	30869	12333	22062	21053	22157	22550	66	14552	5495	24426	18767	16082	25959
14909	2095	1642	11060	5975	22676	1119	28973	24099	12627	3323	20488	17352	13571	12880	25627	15253	28871	22466	8911
18082	32104	7877	9297	26292	13991	4328	13706	14434	31953	11027	18002	30838	13459	11788	2016	30870	30992	22592	20357
18212	13361	27841	4507	3682	4412	11147	2232	28378	32169	7947	23847	22781	11313	25314	24728	10762	20007	18406	12822
4145	30475	31081	24122	31225	24157	1983	20382	5343	29615	31738	9109	7999	30974	22776	14105	4472	5954	11680	5
25164	8516	7272	1669	27269	30896	31770	4810	11230	18795	30169	25346	32544	3878	17503	32135	28044	6452	30856	29526
14713	152	26388	9924	23102	17507	9128	27244	28498	61	11543	3180	28338	28993	12000	8657	4739	15630	31736	9807
18937	12058	9929	17462	12663	24650	23162	22689	22008	31936	22897	2032	18349	7157	17686	30329	16359	24327	4826	31099
24120	18772	21113	21587	16597	1863	10619	22003	31807	6002	10241	27279	13859	2525	23230	30105	26494	18846	15940	2032
2564	9386	30593	18005	13507	1515	30089	5150	27652	5523	24726	22062	10354	13231	31308	25124	22910	255	21314	28115
26369	27141	31167	4851	30243	26716	1473	15125	30077	28235	9796	2013	13434	12442	5056	2923	2563	17060	3060	25882
20059	14510	15074	5741	11335	17527	13595	9286	3443	16	26428	22617	9745	23278	7865	14049	25539	23870	4057	31889
17339	13688	32002	14542	21536	17463	25399	22555	25780	6728	20447	13013	10933	7425	17352	29728	23553	17620	18283	27937
1405	10788	5234	10350	8374	21590	30839	20930	11465	32556	21775	17910	20097	19022	24839	24364	15296	1834	3821	20814
30240	6398	15570	10935	6361	6963	4431	19759	15846	16877	10694	29469	15971	10464	32234	5368	21050	1125	7298	17151
21246	26829	9578	18218	9751	7157	9434	9056	4640	9498	13290	16362	909	3823	598	24104	1169	4077	11647	9090
27711	3307	2227	20642	2287	10734	15022	30944	18915	23874	21601	19966	11306	14538	17650	21526	28357	23956	20227	4560
21001	19888	25399	4312	26180	4163	1010	17040	11683	23511	5729	7426	5459	15093	17595	1048	2535	24310	21958	21263
11002	5398	7580	6697	25109	4554	27567	25762	24787	1620	6667	6886	19010	13460	8667	21761	2957	29985	22831	12631
10200	25496	15868	917	31596	9524	29284	28647	14868	32159	20024	18028	11462	9736	10684	13031	29318	6774	17834	5303
18568	20828	29817	4873	7573	4461	26846	16716	29871	22961	19860	26597	23288	4057	2649	17700	29904	26832	23097	23159
26174	16274	5902	6622	6801	20033	24136	1951	12103	32118	29418	9275	1581	15829	213	12960	17096	8164	9545	11936
14068	7709	24745	1954	715	19777	21886	29592	27592	26352	30911	28209	12076	25207	5968	14415	21409	4073	21704	27579
15902	26993	1911	30488	3594	3814	5544	5653	1188	8096	14371	6631	31650	26250	17910	5623	12056	3193	28021	17623
24220	17596	32384	14715	2472	10229	10756	12454	19264	12583	23236	5794	6356	4367	2906	5428	26727	19384	15736	15823
497	21578	30324	9224	2	6946	25860	31818	17321	16936	5190	4811	24468	27485	20483	11966	15992	21940	7732	13771
2228	15395	29125	9148	3377	11001	31386	10873	12684	16242	14032	3638	11639	1417	10565	4587	5468	26637	22874	2052
30788	26359	32759	23386	5368	2043	1488	9315	27237	13661	14055	7845	10053	32518	20306	4721	15612	29143	17727	1741
6592	31037	29749	20402	19965	32518	3485	19576	8440	15731	29312	27278	22706	30606	23186	16494	14607	3005	27760	21712
32311	5272	11046	26142	22077	3064	23796	17961	7679	9296	20306	7706	25933	19521	7217	11947	32333	4200	21636	24727
7197	20347	13311	14670	17595	29844	16926	2030	6690	11212	1130	24175	16054	17676	9720	11037	22754	14624	14386	1612
31232	1293	28889	2119	27769	20389	2379	15241	11565	3416	8962	32560	5141	5709	21854	28078	28710	25266	18596	7106
6777	24912	582	17319	17578	7266	18021	12427	1662	8359	12948	32322	28360	23222	30175	316	7053	24210	18956	27316
7526	19838	4640	32043	10790	19986	16933	25877	25277	19087	29739	2514	12380	26992	20109	27359	31962	29761	8053	23886
19031	8372	20898	15731	28191	28658	7785	26849	29392	6191	8442	5269	26048	11393	12005	21360	5017	30450	6621	24811
30790	14548	16059	1030	26131	17748	1478	7809	10255	10834	14385	15439	9141	23408	20197	14152	15820	4969	7809	17182
1676	24485	1183	30098	28930	2570	31322	7911	6582	21780	12301	1687	24714	15912	5724	24646	23013	14885	30841	3316
23313	8253	2976	31862	9698	14083	6116	17191	30617	6084	7726	14299	32519	23579	8067	11796	32246	18880	27013	8313
6596	28833	3133	24451	8017	28468	23831	6266	15900	20747	11054	18592	32424	15273	2250	28844	30757	23956	20007	7289
2380	21419	14713	4864	6283	30906	20524	17028	8034	21324	25968	15628	1293	5568	27125	22806	3171	25759	26867	19082
22782	22317	22126	18413	20380	26174	4792	4055	21957	15691	18231	25255	13486	8645	104	17525	9054	25769	10532	6984
15375	4693	19235	32137	24791	21658	14526	17592	21383	15122	1017	14430	1236	23988	26304	25923	24244	3493	113	29920
3595	2129	3227	6423	3975	24763	30470	24610	968	4881	28915	1226	3781	30340	27556	3801	18027	343	7199	22481
29831	4917	27696	18398	12261	14791	31917	24330	4281	9094	7421	24240	1087	13518	23515	10035	927	29492	5464	7663
12819	15130	8735	12144	9803	29569	3069	16866	25361	13342	27553	11209	17193	4527	21408	755	23675	1167	27836	22442
7796	7560	10085	12334	12201	31977	9856	22626	20157	16345	18280	22981	14981	22507	27442	12196	25963	243	25910	2958
30736	18711	13002	15881	26422	24361	24657	6019	8412	6964	16245	21899	5290	30036	21168	28737	7056	24267	4625	23563
683	12626	27965	5002	15720	10413	11956	32205	747	6786	9301	1220	23218	24683	12581	28663	23669	10314	11340	22391
10065	7901	12640	17173	21542	10386	17894	18899	26430	7324	30742	17816	1327	13894	23263	28456	28418	12423	811	30290
2452	16343	27236	27244	29757	24130	23095	1788	29360	7611	17816	14520	11810	29874	13062	28337	4527	14569	7184	3019
17913	15491	26136	3184	4114	16734	22615	13445	6044	13986	13089	22941	22574	29850	19562	7533	16890	27331	21898	11393
19885	29731	11837	21805	1943	17884	26862	2757	22028	11265	25653	10512	32522	2216	7582	3067	12571	18753	8620	20363
4989	17958	15645	19477	8577	16499	21360	8881	21809	29207	32421	28140	25909	25643	23620	27325	6648	32643	11168	11707
32262	2947	8541	14476	28089	3892	5168	929	18964	18583	26342	20512	21231	11834	21416	22050	27732	12040	31869	8991
21290	9317	25872	15526	1296	10875	14772	23378	24460	21198	1957	20985	14949	25879	19088	29990	333	8783	29526	5834
4291	15882	19470	27182	23096	518	23881	25644	4977	20484	14489	27551	29996	30166	19540	28184	19718	1978	9365	11475
26268	13542	15748	21993	4081	19044	19159	15814	15632	22560	6297	19678	3826	11328	26922	30108	16801	6323	29832	18075
17822	14093	27852	27929	2176	7826	11256	15273	12511	16528	28399	2343	20848	24307	16837	31729	22385	20755	313	5460
14408	2768	5504	4421	8807	6625	19013	28242	13682	3433	26605	12760	1444	31691	29215	15477	28271	6848	12164	17088
30818	7591	24267	15928	22096	19996	15601	27259	15791	4811	16575	8889	7742	22662	12180	13159	31979	4502	28516	29752
30195	16207	14849	15945	10827	14824	5529	4763	7231	10889	13952	1223	16217	27556	11824	15853	16260	17289	2959	11246
17265	11573	20592	12507	11834	9067	24667	26285	9285	8711	19601	19254	22380	20878	8523	26711	24154	4361	6211	19572
6968	21012	21621	26405	30090	31538	2855	7726	27475	17507	15911	11954	15744	16889	27476	11939	15235	4519	21855	17021
29247	24027	18899	23348	16932	11085	2131	4202	8347	9432	12067	27366	2212	22922	20715	13122	24253	8439	6071	6371
19463	6610	6465	17711	21668	30398	16499	12025	11619	3425	28712	16960	5279	23482	17203	12314	12900	30645	3490	31467
17364	7421	836	4826	5577	19730	10088	5766	4796	13723	27112	3060	26598	20733	5478	9677	1444	29996	29398	26822
32544	17602	17980	17759	3374	13902	2231	31184	14452	9710	959	20544	28366	9504	12715	3385	2033	31957	1910	8793
32078	5575	3010	31050	22841	15117	24349	27380	8522	27372	6532	14064	16387	10737	8485	3904	12724	3132	24169	3134
30876	26911	28978	7379	7249	27880	19298	18153	14434	31994	21660	19491	24122	8739	31566	1739	20039	27945	22255	4876
19548	2470	16261	6241	4948	29462	32363	18253	11257	47	31825	24397	11044	14449	4228	20747	6949	10237	21872	20692
